2936
857
1868
2213
2008
3612
2958
1859
1806
1451
532
385
2012
2508
1781
353
442
3727
1232
3758
1136
2057
3110
2028
2062
211
3165
26
2701
3134
2217
2803
360
542
1714
2975
1088
17
639
1323
2880
720
2970
1090
3925
2516
51
3380
2803
784
1074
2828
2909
1272
591
1263
3489
2784
1541
2340
2202
3150
1487
224
193
3851
248
265
1731
684
1255
3653
1090
3242
1102
3187
722
3661
2798
93
1085
3428
3185
469
2478
163
1396
2885
2807
3599
2713
2360
638
792
2892
1028
1810
3421
251
2652
2093
1282
1299
3729
1186
3424
3328
2630
215
3355
3598
1166
2625
2105
1027
637
2230
1408
691
158
435
655
36
1329
311
1523
3245
1694
2090
2123
3327
2511
1386
1260
1625
3706
1607
954
2817
3446
3642
3870
2122
992
364
974
2267
2606
404
770
1404
2875
3939
3246
2133
3064
265
3533
3381
1939
3133
1646
214
81
312
1146
1618
119
540
1589
2686
3896
757
3895
1980
3444
2861
5
3439
3355
451
27
375
1903
3631
508
3677
2693
3532
3180
3228
173
3074
2614
303
680
1836
3612
3811
2370
3555
1950
2880
284
3737
2349
1519
3524
386
1596
811
2096
1714
670
1944
2118
2738
2974
2873
2023
211
1685
2830
1843
3957
2202
2351
3050
2273
301
2960
610
2823
344
2752
2396
1923
465
3565
2905
1094
3707
3457
941
1435
362
1008
1732
164
3147
3641
1563
373
3100
3319
2675
2701
3284
411
845
2719
2424
1571
1011
1904
3588
1352
2595
3388
141
2134
1363
3272
1505
2531
3711
2093
2170
1518
11
3814
1092
501
3177
2786
1539
1846
794
3138
1082
2953
3261
2799
1118
1876
2426
121
3862
1416
539
1334
551
78
2097
1667
3529
2747
2888
2074
2555
439
3379
509
1035
168
1380
1483
3677
2464
3746
3125
1340
3194
803
2748
3576
266
445
2509
3567
3052
1554
3314
3029
3699
947
1893
368
2051
700
3656
129
3156
3920
472
992
1841
1278
148
511
958
408
2748
9
2629
2200
3817
2934
2178
837
1338
2205
1144
2639
1288
2210
307
1492
915
3856
1515
2355
342
3186
335
265
2393
1395
2203
1146
328
2387
1636
3780
3585
2451
1768
452
1013
3931
3433
384
3224
3274
444
117
499
1447
736
2048
